86384538238420
123456
0
45678654342355
123456
0
29095673426341
123456
0
97557898533555
123456
0
87298432587692
123456
0
34718363245474
123456
0
23753298328456
123456
0
57393053547453
123456
0
32932784952935
123456
0
56283920385834
123456
0
34454367674382
123456
0
43245343668663
123456
0
97638365973648
123456
0
56424674224578
123456
0
45243456895463
123456
0
47357356883453
123456
0
09738679754797
123456
0
85897643568978
123456
0
56783609836263
123456
0
56868531890578
123456
0
19001234567888
123456
0
19004601104188
123456
0
19001234567891
111111
1
19001234567899
123456
0
19001234567777
123456
0
